100
971 199
51901 79182 56028 31275 51062 80871 65308 44160 1442 60525 42112 38701 74087 43267 20988 3852 16970 46245 8466 13052 78879 51825 76443 22049 3162 73369 88490 95761 72836 43168 75715 13394 60467 20312 82332 69140 56311 64923 4671 12056 50542 89844 50087 40023 13219 88626 22301 92795 63505 73789 53031 75678 4283 56456 82190 48044 52826 20113 79417 96015 20451 6034 45331 17057 90616 52 17037 32274 61774 69923 63540 28696 97931 114 57965 21954 26245 7803 52445 11799 49033 60544 9175 73417 25985 61024 24410 50062 72271 62894 8048 90910 16468 56391 82069 8083 96340 76150 76629 1693 82020 43227 81401 2722 89027 16934 45387 45258 64224 68743 55698 49334 48455 20503 48594 53951 56415 88176 21370 88941 25641 29227 38262 48996 98657 3613 58625 42940 10556 58890 73038 69483 81345 63820 79005 15424 51543 75097 73288 29924 9608 15961 39052 36619 8752 35026 6075 76819 34864 58169 22564 37177 38519 1341 1771 84266 68161 26737 5197 106 54430 98048 3599 76152 29509 93674 50595 97023 49385 16415 29685 58542 12398 67845 70072 23427 90879 9017 4522 21906 96031 39148 6271 38517 56120 20892 77689 86290 6037 69055 34920 12110 55151 96948 95453 83274 19047 43952 60899
854 197
18425 71277 8892 63284 31729 53144 18615 95659 56552 9864 90630 37566 12776 57464 2935 64589 38614 827 56529 59735 6531 4769 75696 50284 6510 3401 41679 27737 84917 69348 69043 32251 38404 43414 53457 94303 93214 71723 63441 31271 99549 92736 84237 92952 26593 26978 42895 5258 93046 31213 47871 19274 3642 9044 52071 788 54054 43766 69713 19100 89461 13250 88779 89801 75008 84156 56566 4278 34906 15600 64225 54136 65716 45602 54347 58343 56555 51465 87219 9846 90222 46258 90841 34706 31161 11107 23575 81226 94542 42609 22095 1747 34997 12929 95695 97243 19397 1801 4770 14668 83887 4143 65222 69943 78269 83152 12819 99501 9273 31880 86904 98909 88825 43101 26313 14397 37978 54240 71282 78665 49799 20907 75196 65138 76288 79649 5553 74138 95698 31582 41925 66337 65944 54735 85856 45082 10525 10014 12840 62851 66100 18075 59283 85973 34037 7644 94371 89355 42781 79263 67149 82777 62740 14419 59271 72723 79885 82435 63259 92173 83253 54140 79090 41922 51969 75010 9910 43706 99355 45594 47842 80766 24745 43311 25045 52942 76001 50105 70633 26791 60796 40441 19667 23865 79439 53817 22170 84209 76472 85720 92904 79317 51000 21702 90697 63154 82550
808 195
79729 12242 51430 98418 38496 9879 76658 18461 1191 41024 86756 40192 17012 86475 89789 10106 25991 22873 96481 58241 18258 19662 24804 51318 49561 35703 68985 24663 51844 16179 72879 76261 77944 3523 51163 29870 32195 85075 25133 31915 33474 43803 56166 29257 4389 66995 30331 28338 97037 82545 83898 48910 54687 3185 3329 76515 81515 18885 78176 11387 81282 82928 92696 45157 99463 96874 77845 2186 26859 82642 51220 28255 23320 12340 79473 11195 77427 24228 66289 60749 5524 89722 76339 1449 83451 22722 86641 30339 13429 59703 85167 63535 72303 89836 29859 30790 8037 92012 39532 6165 18003 19185 32131 78710 61884 56882 36976 42730 13663 16423 84535 31557 84645 81332 80211 31405 58793 75824 17401 35655 7424 32559 73185 65177 92550 58772 55216 1507 6256 23313 43880 44970 63527 72760 89293 97255 92917 22395 90384 87904 13430 57774 22915 42223 10936 90800 13108 95368 84169 46344 88582 30465 87420 50404 11080 18946 34794 74494 20713 50519 19013 38264 31684 63983 69442 42926 16800 39321 54299 34284 67876 69635 49528 36477 34297 26071 21084 86740 31562 34632 87880 3604 96083 30555 12828 47119 28186 94261 13454 9133 43760 89206 53081 26571 98099
805 58
1520 3464 61319 98339 73877 10100 28835 35210 69112 55812 82867 59694 3255 18717 5198 94614 41458 26594 24266 76057 57474 78495 97764 75594 95124 31469 14889 75610 2539 6257 43353 51909 5154 22175 10663 92917 43044 15918 42839 54190 46110 36485 68978 23450 7012 75580 96414 53185 68007 19381 56788 77746 50354 64854 63402 92111 8638 77082
798 191
12302 1357 54963 92241 49280 10218 60370 40857 61109 99707 97026 9091 13356 22455 40411 42988 91123 23816 67685 50717 40336 84056 9483 89395 56168 96415 33594 26384 11997 9423 85559 15626 38611 96454 95470 96285 55435 10991 33982 10063 95876 28626 34159 30830 41385 5085 99529 45230 26356 341 94336 35537 17236 2477 89090 38200 35565 76376 37335 91278 46815 5154 82170 1929 51677 82597 15679 31595 3734 79464 56305 19398 65638 55794 87787 98653 58109 66313 28558 96244 75229 83907 66178 63885 54112 22628 96131 31417 182 18078 42295 45122 96506 35271 99077 58428 69993 19019 32303 94967 40197 54855 18444 40002 88712 20806 19852 59064 57402 14144 18581 92008 98805 57844 53337 68145 28020 21101 96854 19654 42167 58373 11453 43530 87908 41847 7004 66580 90773 68892 75992 2207 69192 1890 10984 5597 20770 71457 23173 47789 11831 2491 63840 46668 57296 69588 33267 1599 20466 14761 8629 10399 2227 26786 78591 29189 45683 74828 17110 15903 46776 24967 53670 76287 98943 82903 45845 42940 11457 86409 34933 24192 79226 97122 43219 78827 57900 98229 78878 92894 65116 48634 776 24014 81387 23419 80551 81187 93392 90882 50440
795 189
481 61740 42465 29766 65843 25516 7507 10111 86958 37345 56815 80780 20700 69573 89734 2787 39358 97065 71194 51010 283 37088 31217 61202 88554 41304 13509 32726 64333 45550 42324 96078 91086 31077 58007 95542 56329 5842 48891 99149 11966 77523 10839 94193 68579 11378 92936 46409 26201 86942 33985 48617 65329 41679 57108 24281 8701 7202 69637 78816 33071 69222 28774 50721 28670 10677 28508 64727 86166 28182 8097 80062 23504 2100 50215 51083 29049 58803 20377 69012 83738 80286 98417 93784 81724 14436 47909 97678 2655 48146 9511 90144 79276 15221 28654 62079 14206 68202 95890 6387 65202 18894 84632 86676 30590 79231 4507 84819 14264 94311 63187 73275 81254 47015 20953 15960 96603 72333 2029 88302 8423 3618 12781 62384 81533 21919 49267 49096 69155 73085 7271 23048 4676 84741 2670 65160 65033 65545 50926 64093 8091 7945 71213 41672 23007 73411 71501 11440 52530 63119 42014 21792 64264 10573 33867 50653 91368 16293 90660 90233 4879 66551 90220 61619 34412 77682 92727 75617 64091 20372 7478 61775 56323 64342 15896 97606 77380 25612 24125 1418 70659 68127 40966 62444 80433 65336 97354 9498 37938
793 187
51133 3290 17033 9017 87421 54361 58513 2766 4188 13740 50535 13608 66064 49586 98026 98193 72833 16766 76681 59466 48955 40000 55583 74020 436 2991 36913 3455 6461 93275 33082 21014 62802 2642 89521 68712 41236 84611 61190 5103 49670 24965 22752 69851 80813 51641 73223 67726 55538 10878 11339 49319 94317 92608 66313 11389 86657 91222 67983 13465 42235 36528 71712 90799 85518 90229 30496 16410 91309 18391 35581 4879 39142 6742 9603 71472 16721 30344 44892 9626 77675 65707 35765 58791 16765 43031 24502 9037 8617 98722 68916 14143 68745 37744 38334 28295 75817 74128 13490 34225 29652 65772 35352 294 9345 83523 54693 53843 83535 78480 77613 81937 16986 10362 44831 60201 37063 91243 47302 49273 48651 74243 95653 14848 96034 72881 92059 94741 40195 68678 86143 97971 77238 21993 30018 73022 29065 93517 68125 3359 80748 25781 56583 89062 79760 83182 81267 93459 19362 23263 53510 2810 24335 26101 85254 63677 11167 63646 8731 4096 64980 10621 86460 54185 54786 37528 89646 93947 30411 35200 78447 13014 51347 33312 93544 69367 81162 4474 68503 55962 71624 59590 84304 4885 51806 70883 41005
773 124
44241 76483 86443 1206 73356 21355 30916 23805 71561 34887 19693 15161 91262 26949 34359 79867 38615 7896 29841 7968 74653 35631 92954 82429 81411 20171 79073 28625 26086 15266 20030 37925 42768 66114 32357 19977 98130 95484 35765 93751 62206 28488 90260 25237 70752 69240 85250 48186 62334 30247 86721 85110 66721 50799 58275 13756 39017 59115 29720 5203 88585 40588 1527 52585 13853 15295 75603 24307 38867 31437 58308 87599 88574 13108 82887 50449 1652 97486 26584 76385 54972 82775 72498 74734 31060 94651 6846 1742 19223 58162 39388 52779 35847 26503 36387 57638 13931 8255 69611 19182 46322 44965 63197 49210 19202 96643 47835 22686 59532 79964 34189 17383 29663 82974 88984 22534 24186 33557 60193 82527 70924 25357 84767 19039
736 183
5102 92238 1566 22601 67029 20670 82378 61792 49358 88902 91018 61210 50872 42394 43437 59111 90506 14780 88316 16787 30012 54886 57120 34106 69853 99600 63070 92025 16859 96088 99360 92779 12259 92982 29993 72281 68934 96018 18539 40973 49492 47521 69637 46343 67511 40551 57663 38707 71362 81080 81999 5896 61903 6848 88979 75413 30024 50251 47006 80235 32001 1934 91214 41826 49866 19234 63499 35390 66301 86518 51040 3102 48183 87617 52768 77253 25772 9222 21272 90736 54378 11736 80211 14904 20416 50990 60246 60326 17420 42193 61303 10631 7295 48518 7041 13222 22078 19873 36826 29017 87026 98646 83626 18931 95113 56989 40623 80922 17997 97993 68656 44965 75513 38756 17920 57796 58075 97317 58055 15023 84489 64612 14439 88165 24991 25742 58431 16694 27101 59716 49201 16217 64363 31392 76805 61143 44079 60991 69691 42960 59907 47441 1533 39171 57488 87251 91528 67950 96944 80582 9704 74182 19098 37709 50235 35758 68083 51402 91762 15865 49457 33105 10110 69828 7979 14543 22411 42770 75298 96527 51211 95201 26464 92684 12419 97949 59514 81024 61687 93620 76645 52557 87900
709 126
17264 56741 56549 6750 98556 11549 51752 12693 97625 93988 58402 19981 42507 59359 56861 30994 76758 67355 86587 57612 60125 12531 6741 89828 64866 34770 93791 97878 57032 4988 98293 28900 30670 26673 504 73611 61257 78253 83998 93146 42895 69324 12194 61425 58966 7330 25835 69012 47849 93290 10325 32733 71128 98750 11634 34970 3943 19849 76595 17247 18379 43362 48803 45203 77236 47142 31007 6209 86494 66457 73945 79475 56795 82000 24331 34198 13964 62717 31415 59857 31746 94477 5950 71571 80261 41668 60454 76168 47332 9074 49097 7213 58721 3576 51618 70475 60921 63641 74916 65955 13376 89501 77275 96047 47752 45387 88170 12477 56003 55440 24381 42866 64918 27030 83569 495 93373 36166 65074 68558 55907 9616 29263 71612 55889 77500
690 179
71301 7048 74576 71662 39699 98426 36668 58893 23893 56867 8263 98833 49319 49752 93297 58203 95085 80821 50461 71901 2826 55774 93364 57870 52021 18215 24343 98841 75952 90242 58307 54887 80297 66576 1024 63453 71265 26176 79050 54674 47387 39085 78590 30633 81907 99777 77503 68623 11014 79207 82796 14284 80853 58043 9953 67058 78174 10060 74671 91210 29575 21933 58201 51843 73864 23924 20680 98689 86492 76538 56348 52409 70655 25673 42819 35342 59930 80932 80165 57888 18748 13062 62926 54250 5160 99346 49756 90302 64821 47829 86619 23011 59962 80854 93084 80720 69101 46588 50073 47183 42926 84158 2366 57720 629 53260 30642 34069 64998 59921 72709 35661 2670 13696 11685 45683 98476 87775 63568 41678 61961 6955 73151 55292 56657 32109 302 16996 4730 91132 41881 89282 33973 82782 19629 74567 21623 93598 42109 67208 74279 34466 49533 97158 15234 36410 94357 41320 37148 82616 76712 26850 23376 52718 60665 69933 76119 3967 13101 5251 76439 64831 31750 56489 67615 76971 42683 68883 11637 43438 32934 5371 38703 65761 14720 4935 92316 5242 28045
687 159
91326 61888 14175 75440 98554 84617 5395 94788 8984 4326 66021 10071 65681 42920 12595 98456 65120 89087 34314 79434 92196 82826 94733 18011 72000 3920 38343 49072 64489 4632 77055 55329 25138 62229 96911 20520 65469 45412 5251 19312 92765 24908 48813 10402 46570 37141 55426 10482 62127 83362 9845 76532 75409 93695 71810 74875 59955 35409 20940 82474 76367 78344 79480 62907 53400 94286 44520 83736 29672 90092 90574 98023 26711 97303 45805 19317 32428 84979 93273 99844 32603 19807 21570 572 5481 93822 25368 57241 41906 73959 18702 90599 8363 60920 42211 54610 73323 52997 93922 59095 47275 28149 34435 58704 16858 63449 10550 90301 57778 87704 23740 79715 68971 18850 28908 70370 96268 90643 3933 27372 44160 11994 24253 29225 26085 33409 59037 34972 77937 62808 65195 61941 44142 1325 87046 86751 88523 7671 68952 18749 57881 56973 64218 67228 11233 57833 95173 78727 43245 85385 56759 1642 44114 90939 25947 98635 76719 29032 89102
669 175
38856 59254 56832 48443 48052 78551 57741 92015 96488 84174 56930 7350 77007 91850 1136 78924 97597 67977 49668 28521 42312 22651 88694 52143 8034 30723 46762 85356 51764 23964 99264 31255 24345 98467 50983 49543 15739 5912 58374 7844 90758 68516 62161 31891 96984 29469 95265 74456 15100 35659 36887 53590 64038 39878 40751 31060 56169 28228 93850 89746 60815 24116 64303 64380 35679 4896 67143 27986 73641 32166 11352 26398 70239 48266 86936 10227 79558 87963 29708 57877 52380 4316 81055 33262 59688 83787 35865 87690 45216 25702 67408 95933 12518 82586 97523 7193 68783 93082 25690 14164 76192 99519 78154 29580 40495 70311 80613 21013 72891 87686 36051 33980 72796 68518 99021 46665 87257 91796 60527 78330 83837 91683 46437 80727 51068 91242 30263 27826 78001 74015 37997 26041 30022 65689 29350 95904 57400 39002 72056 10386 1092 23535 75626 71702 70521 33095 24455 76671 43577 17864 5452 42146 40899 33453 86857 42958 34033 16136 66906 77096 26150 76237 18878 87731 89612 89305 45225 59739 43140 18822 52817 41941 97526 69613 14403
646 122
15466 10096 57552 12299 42180 12628 1407 35458 28902 36671 81198 28553 95276 11317 71288 17100 82592 51365 86409 84156 66047 78505 40463 97532 65437 16323 34625 24306 23373 27609 46000 38364 70039 59364 89003 72951 75417 60058 80610 33319 28954 65688 74248 24966 24054 91218 59750 51010 98002 61684 48646 82024 80683 80272 65095 84753 92687 24792 59708 78318 83452 58365 13724 68158 32649 50589 29372 38525 32719 2096 66709 57851 60855 88614 7394 97693 38264 32558 74908 39019 36826 54753 37325 6574 69873 8515 22316 36642 18272 57857 83064 36116 13035 92735 12890 49130 45670 57846 66155 49584 54641 98695 98209 61743 10211 76420 92508 97071 27919 20877 28049 641 97848 81286 31511 44340 20711 63609 14722 67007 37628 76264
630 171
94839 81097 6049 15240 58083 64432 80977 47499 91769 74114 23809 4965 34429 95341 88223 6264 8985 54271 71410 4034 31099 71484 47447 31665 24019 37759 97198 20416 80325 88815 37500 90583 31916 41364 85665 66083 37662 94315 92573 34914 7339 57253 36673 28347 11165 47413 84363 5522 44070 31924 89011 16 93022 22437 21238 60256 64681 69169 83669 75889 9674 67594 27774 90424 44502 56879 4836 93356 97782 9425 53041 298 84810 74133 75418 76701 68915 82958 64011 6204 65985 19910 6589 5850 1759 19713 65115 28618 30930 36267 16967 23715 22184 20403 34601 80972 37324 48054 71405 6255 49454 63184 78007 89267 87621 67090 99325 696 49305 49594 82864 11338 64142 39298 66073 5244 78826 66513 75573 65724 93076 2928 29653 32478 20086 60561 71393 32089 77647 16432 18508 82431 66999 87800 21565 13513 4263 39201 20043 68838 84620 49647 89350 41292 26875 13508 10120 58252 71570 32914 98511 74217 87557 15694 55782 31980 63647 4834 14572 2484 41556 62415 35887 58866 11482 72246 39802 20677 52476 61257 1522
626 169
72351 75799 36806 6435 46636 93709 7967 88468 58143 4455 46690 56334 74976 49706 14670 42851 35680 12905 12394 48856 68504 49601 9062 13884 24163 81380 7164 20692 73210 33231 89409 9904 94809 13576 7942 32029 80511 57825 73222 27136 90936 14665 94065 16062 43309 49748 59754 34219 53625 19740 75495 95802 20239 39485 42985 81356 38155 15108 44553 12056 68045 80595 19975 22815 632 21575 17921 5552 98160 26835 16678 54581 64699 60186 65851 63009 89014 15680 98564 66820 41784 75262 63738 35580 9681 61130 59176 59251 26435 94579 73788 24168 30679 74302 86597 44875 2661 53076 16147 72361 86946 50547 24317 27099 84494 8450 63648 31164 68832 85134 92325 13100 84919 4653 31722 52083 74409 49126 68611 81659 99520 41141 70653 72015 56487 17111 95064 79802 6503 46958 82014 79763 15930 66401 19710 22326 18676 67634 45024 15960 9465 57526 50364 75777 57811 28052 91220 84065 34500 72946 43463 81299 45830 62737 95028 7799 46745 64444 45014 46319 75193 24709 65826 8847 96366 44669 9506 30719 90173
600 167
63646 65351 51182 54126 17639 60026 76716 49609 26440 34120 47045 9315 27651 37238 21938 76244 12819 67425 31944 64586 16982 77361 90147 18808 42870 79932 50313 8099 5569 69261 6701 70785 78147 5048 37983 42341 85033 73265 80770 37770 22950 5685 84715 3497 25073 72452 54970 8134 14297 64337 22545 44320 3535 81796 67401 43607 85614 71312 22695 63616 93375 83379 31590 99948 6069 64460 17487 61167 66142 96224 21464 45984 75244 26228 31546 18150 39460 3153 90827 98418 70247 56318 76474 73703 68320 68803 40438 32298 99096 67011 55414 23843 19956 22590 11982 98323 50702 29924 3754 31255 66119 97910 2256 81580 35557 37101 73651 84349 28150 50323 85118 29542 2300 13956 72426 82191 88261 25181 45298 76707 92346 30420 99326 92199 92627 99799 81474 96937 75578 28768 66753 35347 99490 17625 62435 69159 22903 69404 7800 73152 75521 96187 42377 59495 70267 87795 84799 43726 90395 46104 12343 57043 1032 38350 70859 69172 29478 80451 64452 86720 60651 49964 26893 10326 44007 23929 44400
597 165
88279 52558 42685 28119 83034 99801 65580 82006 21531 34584 79152 89259 87574 58360 77735 91919 83323 7809 71762 99985 80772 68501 72150 2411 1911 54924 38526 430 881 70505 73994 23829 22703 47298 3085 44207 75786 76266 93407 63232 59805 14437 30122 49652 79745 81998 21264 21044 45286 40317 19252 35215 6887 62256 87784 14308 42106 93418 81827 44170 91861 55030 24657 97863 31522 6888 29778 43035 74971 69013 88458 38071 34211 37152 47559 74160 6280 50094 28791 65410 4693 40955 16019 89517 42358 42425 45742 48228 87211 80006 89295 58621 26036 30679 77741 658 92564 55601 2271 18891 78166 89822 62841 61838 41270 7946 7262 55057 59775 91862 40972 22320 97856 55902 88443 15703 55507 45998 87764 16054 41599 78825 20939 22373 17725 22669 48390 19615 86140 420 74775 40857 14250 42489 4330 74621 23572 18248 2647 9053 2136 27845 39943 19543 43997 73584 58129 33376 86464 75548 6817 82321 1946 88207 47662 91157 21803 29751 38827 51402 88043 28345 75427 47131 76542
594 163
47866 90428 56135 97028 1044 21472 1392 77697 44786 73334 32811 56339 33281 40680 1191 77113 33828 86897 38916 57765 56314 27240 12256 23588 34525 93124 34439 25523 35438 61816 13423 59063 67346 61091 99305 80044 30973 7753 91735 39511 12184 35286 36465 68344 57416 10150 54035 4136 79587 45201 8079 55689 90087 717 60171 28204 41084 3133 3501 95617 90378 92386 40161 77811 66306 60819 87861 77504 84603 61048 64225 83403 18529 28983 63 13204 75031 95794 82693 36085 2213 46189 31490 92244 53532 24749 56524 89710 32342 16882 94348 1892 25665 63602 22653 45820 61686 24262 65689 42750 49036 43923 28216 22445 32297 64434 45323 51339 63168 99174 68994 37919 74070 37698 96958 94069 24441 34970 59916 59595 74330 88580 52293 67110 1932 68844 40445 3959 80897 44439 78925 84922 90023 78837 58605 39343 5887 21493 41678 72299 7527 50840 87411 91619 65441 76096 28083 31822 47244 75930 33573 59835 1550 94120 19454 86477 39631 21167 19395 46919 12942 68377 69248
565 27
11011 55720 34974 81791 82707 59448 96649 99859 49006 54181 44973 2500 86886 17779 21867 68289 46138 9327 77673 7647 15498 23335 47926 28502 11480 73215 18298
543 83
1263 61871 67616 38908 89347 12827 6504 76598 85452 32046 98912 55936 42390 86194 50603 74405 89146 64333 22633 62895 73725 44063 49790 96285 26245 69160 25787 95076 13407 11025 28654 31587 4261 49937 10591 96765 14231 29010 86106 39501 22171 29869 15418 64296 65598 78396 80056 81715 14828 53273 97167 39656 92396 55125 76558 71044 10780 20723 88955 79101 92690 67358 91282 15994 7484 27483 71366 14341 31796 41991 78849 86666 18836 18193 38055 94869 43535 41289 96475 19175 68320 36876 74965
495 157
80688 90614 59404 62464 88585 19250 8218 52445 89065 45822 86434 84081 31629 62826 158 22486 36364 94418 95349 7380 19350 92082 32999 10689 39676 591 20405 77951 55338 67365 60852 55728 90927 44541 66646 99699 22729 89322 43180 42040 84619 72076 60925 30381 37828 44251 37107 8755 36192 77045 48401 87459 1197 65034 50034 29675 62534 16920 65766 85445 84100 24352 62347 36601 66722 13550 58705 28652 14113 85294 92677 52479 89937 41583 51365 15114 28332 23487 91032 13083 23803 47622 40832 38976 24736 75945 40542 95564 6787 74711 69028 46668 19731 51169 61824 15967 27125 61159 36164 53489 89119 37661 20782 73052 82292 29143 94499 87532 35432 19674 65828 41427 1421 45835 47466 26448 22895 93172 16787 77888 13509 1401 77787 87880 66597 83832 11779 36036 26135 6924 60011 96572 63801 24898 17994 65757 30887 91674 52403 93486 64169 95218 97642 32041 98369 17662 1637 24131 94598 91326 6371 15615 47731 70944 15830 62847 46511
491 155
58895 51818 16952 38925 39601 37416 25581 35492 53803 75783 98835 52489 63155 8018 14135 53968 27063 26478 81519 21433 83116 46670 39707 72028 41499 637 914 83556 5477 37810 19206 23126 55261 39074 55000 56793 13845 26753 18263 51749 27915 77698 23652 79118 63800 99677 98883 78482 73877 9588 70550 97058 99672 30509 70795 88344 19229 9173 40815 49621 37566 95227 41141 98692 77954 7672 97390 30302 77271 69842 49286 54479 51280 3534 83369 96878 59920 72041 75376 11543 21572 87049 94281 40387 11045 11534 21708 81518 64742 56334 48542 77383 72684 626 12742 85335 68467 77179 23577 5014 42560 50006 80648 24287 3680 45345 12335 67287 82888 50942 4517 6148 10021 63505 33142 34201 48155 1607 56911 45742 37439 24299 86126 5115 18665 75497 21450 99290 3702 56815 83831 63830 45000 43976 20490 14524 16954 69472 39686 57420 1970 70324 40986 83354 40728 75446 67275 49259 98529 10670 78768 55009 56910 66071 58427
478 153
97508 74773 16931 24964 8713 80066 31148 64933 60913 78874 20503 47028 48241 77107 27649 74423 5243 91223 61170 59374 89826 86462 54562 21111 10955 32528 6166 79210 42687 98339 30865 81631 52713 59287 53281 75147 38032 51301 11977 99304 94516 42222 58600 88181 10478 52955 58904 98423 40082 5007 47749 34779 38121 87920 80485 56128 53225 10735 72652 84180 42252 5661 18530 78793 563 26699 31860 98550 86060 88869 64990 17775 11095 20661 91641 70759 32885 60111 29610 40679 71077 18855 1026 58237 13193 51924 43998 9850 65261 33820 36998 69910 10783 13528 36280 93313 76581 35390 69055 39211 83737 26415 43310 87019 37550 77464 65893 51610 97400 72250 24487 96844 71030 59941 68456 8326 94676 86106 990 47876 22963 3896 58047 94324 86529 30805 65780 98510 45889 64195 6401 82490 40754 89928 27634 88645 63366 35548 5919 64306 20752 2104 19237 65794 40748 97389 18318 10457 90928 38062 47542 50711 95682
476 151
4433 68462 50983 96983 25796 29766 58110 78039 13967 6828 66690 34858 87347 91677 53148 62261 75068 61895 26565 14937 49047 9505 19115 63812 55448 4077 5579 99776 81680 86732 40778 68314 8247 24198 49931 51472 28058 73823 78346 33406 25287 17127 52678 99113 62717 73802 92255 33604 20791 36699 4164 93621 38598 45703 6194 16304 38812 66647 40264 30742 58282 57985 5896 88861 94865 18008 4755 49401 87359 29821 12510 38652 20526 38874 94186 33335 17889 60823 38183 98924 47541 87533 4914 9045 12470 81608 19862 18006 52834 26134 79041 16228 99977 78000 67321 6617 17621 93692 2341 8410 39326 18725 2282 11057 33258 11758 83931 24857 39209 73606 60780 86320 6109 78541 59017 98207 90298 1625 80985 94713 20490 85224 13877 48123 40789 31774 13945 81424 57071 79494 41573 81741 21600 50486 87159 71895 72178 11443 4155 1496 49797 66059 45736 92852 12245 40034 40333 48812 9991 93908 93883
455 149
93777 24045 93583 3717 71396 35320 81861 71132 14681 86243 8840 39800 97952 64996 55320 14563 28682 86986 28962 30865 62577 60836 78747 63437 69908 13371 2103 53516 34319 51192 70378 84729 23238 21900 93537 78685 37792 62170 9414 57346 76068 44318 68353 47324 97758 6829 92850 35336 78968 79014 17872 63230 66358 90672 62193 70718 65591 19520 70317 49951 8707 80344 66203 75274 98901 23165 99536 60079 86620 27773 66370 41416 83415 91227 46501 21024 34105 28942 14672 89167 89622 50695 41225 81926 81618 29183 77338 69087 80706 41394 47079 68673 84360 46098 60177 41016 76129 18523 10285 54129 97417 90007 47326 54444 15239 41777 16854 73358 78740 40908 72776 85612 97990 42144 28580 85519 20133 44346 69827 11039 40170 78739 86582 79142 70944 32972 56344 87817 468 45611 60637 68569 79864 82679 71317 79173 51290 64172 94706 6274 52395 15136 32067 97132 76396 3277 31684 21972 36006
387 147
47351 24983 90250 28329 59103 93401 77114 35834 32547 57488 39405 61506 63315 58603 7945 11019 55176 37967 23388 40883 26063 50319 61453 14811 81263 52283 78404 16948 44748 28634 98789 32709 82192 63205 22061 11212 57205 8536 53318 91687 90806 53056 33874 72126 48736 36057 10085 61935 90251 92233 35506 50011 16518 40282 73222 17415 62764 27000 90764 83346 89953 89316 95512 80098 79185 8553 82601 2541 59411 12950 62592 50056 64774 66393 5729 8410 18867 40477 5514 50179 88692 9075 55341 19346 23249 23638 13653 33646 88981 75174 11363 81012 80872 67437 95325 83797 5944 87420 8123 16576 35154 43866 28120 42028 58076 51564 32382 34749 81443 5662 18939 37631 44327 98029 44795 92547 76690 51989 38732 33559 55541 13456 18115 55730 1059 87432 71571 81050 41605 89314 3941 20701 33245 87645 10149 44966 12312 43247 58164 38713 23641 54203 63630 25274 34348 12802 98199
366 145
14429 69706 59393 13762 16946 59869 42398 17252 28741 19831 9431 54782 41046 70895 65876 16214 57417 12831 65247 15196 11041 90103 2881 96112 83772 47883 92793 88354 53524 55511 70824 75658 52777 82814 98983 64756 34187 71401 82437 76106 99705 88576 74741 78257 22328 59798 29206 21679 85395 69123 42474 60259 97698 79638 64474 42572 68507 72828 80379 79149 76077 58938 6042 20006 15612 86168 56532 46429 86912 45868 34683 16531 44928 36168 8709 76676 50746 15751 51582 74837 80066 5748 10907 59328 84896 64230 89556 96510 89006 70516 80179 96489 80816 66661 18714 7091 49430 31215 73337 76532 55947 29752 50545 47128 4399 76243 7528 20406 47215 73477 25189 42963 39125 94937 92560 67066 6930 68537 72972 26236 65262 44265 70415 4273 29111 58137 97925 72410 42502 8091 34170 56340 23771 45623 38659 49531 25193 71233 56529 43267 65486 78488 73458 11686 60502
350 143
76768 99506 20093 73031 2520 50020 4332 75751 80001 98285 99792 14446 82971 324 84508 48135 58129 1464 17582 19687 37499 53245 25123 44211 78366 9795 77831 7360 67350 43713 78848 32945 78195 84468 56042 83717 58542 13870 49654 52289 4401 14649 13430 56237 92369 82949 60922 75591 68427 59436 66565 46775 48748 40938 76780 18647 57054 72041 90653 16703 93681 16359 95686 24551 70548 84404 61459 32354 67340 91809 91847 40172 39507 69144 92736 88492 25752 18759 26320 56162 16304 73853 73624 69782 33507 31851 41077 54583 11710 83733 19562 39822 85246 7189 16397 19111 17804 29211 85292 11645 73012 3629 50583 33885 15366 14811 8202 37686 48958 36075 72841 43600 32840 27085 95817 16747 64834 68320 48490 15924 54120 20578 72187 25763 71206 31909 7719 19122 81502 59062 26667 53475 73879 80184 28577 59029 75315 90233 41372 68816 12932 89055 44893
343 141
53545 80655 6896 55163 80249 62308 71583 71951 24248 89872 68935 76191 91971 88489 4380 80019 59129 1749 44459 83745 66958 94988 74692 96244 66642 59219 87545 4192 79042 1996 700 56378 85319 96012 34757 50459 92985 12321 65002 73468 64406 89069 17224 85725 84572 52353 38236 99980 36599 25515 31709 41539 54745 76561 43643 12905 15331 47369 12672 10792 28721 41214 3554 24176 56370 13466 65443 63616 3406 46168 34696 53028 9725 31047 40411 65948 60800 17540 89745 30108 74868 98896 1738 97666 89724 32449 14450 35548 18642 96991 41620 18461 69507 23508 68187 21774 62016 3816 77402 3668 12249 53333 47488 59755 41756 28183 19832 44508 16404 39077 81015 94256 86939 83693 83219 18998 29514 15827 33448 77503 57432 84041 19008 19650 49638 77376 57472 22014 37418 15819 88332 552 59745 78238 65819 66580 46172 38921 78925 24211 28090
270 139
21515 25778 47351 77075 46676 50446 784 25675 37343 16287 18105 56410 77455 20813 24020 56115 29239 14801 80088 73612 68099 48152 40946 70932 93704 71947 95525 15062 32814 67912 74731 78238 98531 1354 22062 53921 76676 99217 23378 91273 3480 28755 57718 43058 66827 71528 63319 33564 37783 22874 68461 52763 87027 71376 83576 44662 42234 11610 14335 7044 86652 70337 14775 3372 67377 89065 73237 45005 4247 94703 56468 42089 82493 94985 36141 56005 24931 54063 54307 10104 24407 19866 82815 27850 6590 83192 80403 68598 39025 76950 97715 62807 23697 43867 24679 35878 37022 61505 27095 59295 82629 63415 59573 67163 20583 41292 5414 84738 96865 63745 3502 66059 39614 70628 68733 4045 94356 71060 11254 43275 30158 39363 57847 75444 65191 88781 55255 21117 15567 2860 70009 74535 70789 32957 28643 2651 1694 62491 10512
241 137
65296 36951 35565 10032 14904 61765 41687 67963 11578 67047 19194 43676 94258 55780 44931 80663 60314 75837 12393 86321 31677 79310 41936 5405 64408 4506 52797 73358 54711 48525 26612 90775 96645 47675 98469 30335 38525 50096 16551 20036 75778 64525 47666 74744 85303 57576 99930 43878 31593 26845 94053 98515 21112 66865 22034 41855 32777 92368 57381 78340 67269 5733 50378 41249 98140 9809 25483 35317 91946 19489 54509 45838 93665 60886 6894 78943 6948 60356 72737 99345 91663 74719 23517 48073 99098 86505 98703 82053 81556 61814 76815 31232 39487 2653 71009 36742 33612 67044 81667 45549 10918 66551 37747 48598 86660 90408 3803 77919 75181 1042 93707 39548 28751 47331 40903 93380 7767 8527 92089 81925 16689 25163 24673 69533 51203 4892 62022 98859 77387 60020 96362 73121 75129 58710 21329 14032 89526
209 135
90215 6919 88322 61183 28271 83533 1515 11105 27548 29336 65861 62766 34392 10652 37888 73171 50907 89401 27750 97440 17902 53822 39268 46430 18726 6468 76048 45572 537 60765 35961 57549 35341 88707 15250 58427 62736 97973 21581 69114 57464 86628 52407 6062 90316 78706 72439 24391 82748 15462 54047 33792 86039 39898 1982 28334 80907 26356 87567 1704 26823 59974 76136 60784 17958 24023 37406 26039 66917 27859 46989 16005 96383 4960 62621 34092 46455 12860 29719 2033 7044 72707 41388 94654 99646 18304 68385 95098 11632 54664 14841 85490 23520 67016 93257 55420 90064 94450 15403 16582 23085 33399 34750 79225 88360 3793 2522 66497 66955 98694 49910 35186 90828 66901 41190 73124 35974 35540 23596 72589 97036 19781 82309 45016 23447 49289 85534 34567 3535 50458 84348 31004 13171 80862 25801
191 133
84849 75956 4753 34771 5005 59270 14642 58173 34404 85833 71649 62993 48643 65571 22473 18636 36740 75967 27099 19043 69239 2957 54923 43887 54495 61915 97638 95561 13013 8347 74370 46264 19806 72068 15214 86910 11192 34146 92525 24619 26772 4089 5365 16822 44131 3226 11427 21297 63599 18769 35802 24983 87763 17836 88803 45211 10535 8996 61484 55265 15086 47583 97903 37569 40843 49920 2845 4711 69790 84756 50461 94524 66958 65402 22555 60401 38515 57877 78572 14878 19279 39631 88479 83881 71997 79039 19961 32492 91480 51709 4924 72386 18899 44538 34645 40886 69975 80204 64044 10075 97096 17204 43902 12450 49963 87379 62914 32940 7525 80397 26197 48461 92090 97181 21911 68206 42718 2187 60200 55270 62122 35187 50902 66291 20942 2682 48397 45605 85900 98827 7992 67717 9195
178 131
11177 16808 90035 94177 12120 564 48529 25194 14606 13498 13371 67638 52408 1065 98723 84283 97981 40543 20135 95828 81350 53456 40976 20163 79892 46250 14018 8056 48054 31994 37486 69967 77205 27031 26713 52822 66258 97539 68029 63753 27137 29660 71439 10930 27261 7169 45111 92954 72272 23173 47514 32074 82255 72721 81449 34242 58448 21958 65052 87083 90349 27659 19197 56621 5376 79792 53082 94699 76181 83927 84766 38090 70059 89596 6689 50110 86986 71927 76286 264 33218 11796 80435 8499 83592 86475 24486 15516 81003 79867 2592 9051 55482 88065 30134 75394 94795 675 83828 20509 13616 1198 74061 46321 35785 96340 17613 50039 95776 73468 53766 86320 93325 5820 13180 1333 34086 39053 2192 41020 68706 91473 97060 15005 34777 20389 43977 78270 9317 10281 45187
164 93
50497 61218 82682 55043 40814 16900 47913 41098 52394 89018 34998 1906 22960 87950 77632 61295 92975 80699 57211 69450 45840 53979 90082 39592 42422 98865 93768 69476 45216 74503 25033 49799 30742 59214 98887 73778 82711 32816 83016 21161 73356 38966 27259 52812 10793 6369 92346 97644 89894 73205 45852 99120 74857 38473 39244 94566 8446 74345 18659 2534 20399 76796 16718 57117 1506 14377 32861 7195 55624 20680 6040 65930 81108 30927 87553 25021 36024 90995 44039 38146 62472 10995 85835 92517 85891 6467 59629 11872 83720 31167 53156 30470 85600
125 127
53395 1941 89184 36793 79146 91468 88827 95843 50070 3750 44712 82329 76507 87648 27716 47821 17329 25848 84074 45172 42747 7800 85685 12771 606 86336 90869 35883 76784 72711 80885 27452 75106 9248 52780 53746 38232 86441 28966 26362 19871 65202 99931 8598 60799 80565 14427 53627 51730 9144 78660 17681 50789 78433 70612 63320 35160 92141 36405 7107 1793 29302 94835 13010 37223 89038 72138 86245 45021 16496 81955 48334 33380 22761 62392 28943 23327 191 57265 1078 24274 50133 64070 42270 52582 46135 86059 80 67989 49269 32350 97733 62881 33164 71948 91126 87068 427 27289 39226 18891 20227 63957 2214 82056 77774 28620 71326 29215 63346 45188 85629 5657 82267 39864 1651 42610 72734 54706 50518 28263 3757 29776 46808 65306 63282 94602
85 37
11414 9166 3402 10038 63509 2631 23711 90886 87157 86912 36833 76488 32807 70639 17360 66384 12098 77138 30861 15970 42497 56350 37293 10525 24156 3925 63586 57201 37999 3554 7691 52245 28661 67527 59961 17122 13508
66 57
2621 53161 8883 51547 82073 45522 84205 81243 68530 7049 65195 83020 22265 51874 54455 83776 22560 50550 24235 6699 29694 37729 26949 82581 26050 88876 40818 17843 91426 59155 73854 92889 58966 98364 74801 90964 5578 87164 1307 24261 49036 23674 96568 4022 66659 83797 42839 4653 64577 83093 4609 10346 58881 67258 38765 6366 9676
23 121
23607 65723 62178 97963 95640 30901 84742 14221 99293 22997 27085 10477 32578 8100 79967 81502 97071 73369 96718 19667 52401 64266 41399 55472 66945 6456 11702 37327 3586 12147 81031 60032 37033 2035 12055 25821 75718 19471 13925 8932 13918 2267 22236 24691 20552 11774 68289 73140 70698 35548 6933 66946 9045 6352 254 81842 63986 65498 93826 7254 23962 57801 20600 41484 57862 2248 20744 64426 23108 83647 87622 57563 64219 3085 72035 92839 21372 61404 77050 45596 54315 62539 69006 48535 245 99396 58045 98688 23987 95063 72455 23706 48313 560 19079 15363 69767 8192 63795 71705 21991 88683 65208 405 13267 36420 88565 28666 87862 96703 82165 8798 90445 96101 95437 53512 78351 39629 43399 55129 72134
4 119
98075 39031 11497 83706 35357 24361 19852 59270 24097 20865 75750 5189 51620 62086 20595 43831 29119 35131 36513 35093 27169 48429 46706 96362 14716 36405 37445 37999 25529 84757 83625 30400 43972 80817 34385 34007 80951 47971 28494 16458 31792 88494 27894 18817 40615 14304 47828 47131 52080 28697 54144 95669 40683 35861 9214 62814 63873 65399 50258 48298 95956 23772 89579 67925 24594 57020 8524 67940 81065 37790 43301 91689 92353 47285 11609 36530 88191 30479 32941 76762 49355 95018 10408 41072 17981 49635 11227 50901 39271 5918 69288 53674 34652 62896 71750 59679 80830 34571 36463 16396 16747 89349 82523 76851 70126 21937 205 73712 75175 82809 39608 17905 14729 46852 63472 84425 72384 88317 51180
972 234
30640 57404 44740 17894 31729 24716 11481 72381 89963 5763 60563 32856 19938 85841 96146 30732 88430 65889 27709 87147 10381 32673 40205 48961 53875 4227 11707 14072 45132 35053 54859 775 8663 27274 87350 10361 29563 75377 22543 98242 39427 41343 77091 64391 93236 92046 3216 50528 41811 11511 3985 30135 75178 31208 27042 38750 31863 45423 63312 89639 22276 19735 53657 12475 27220 54906 8701 47512 49113 78237 68328 24289 97287 45404 9712 66318 55796 27410 3391 55718 27184 93939 9157 34252 13931 52653 19737 16096 35689 79859 48347 59158 78865 30123 17656 20728 89547 64952 37739 49241 15618 28985 70905 95142 73411 88327 80505 45361 33294 63183 60581 78177 67656 26881 88339 25071 45341 53141 66284 74329 20287 24099 51877 40431 80635 6338 96402 15902 99569 10141 6663 37503 85908 348 76359 52829 62785 66507 80829 15515 1633 98010 32074 73277 20821 58185 38210 95128 74574 50360 74276 41768 68407 34605 98671 70005 96590 2957 81419 38094 69768 37540 36742 46260 20482 1335 34805 80331 94513 5312 27548 75589 86250 26914 85735 43185 72792 50339 87891 80400 83881 43400 61084 87484 45659 56946 69991 23223 39317 29994 53707 24558 8272 58129 51241 23379 38897 63250 17582 29542 68264 31513 89573 34017 89038 14785 72425 52664 97809 78379 75350 11210 95510 64661 92371 63161 77675 88728 13882 19875 48826 24944 67223 88954 54876 84702 79291 53287 43312 38359 91567 62812 23215 12511
970 230
64073 23956 5156 41199 37095 23358 59557 23248 96958 21203 78871 82446 19157 61917 53044 67203 17849 16387 11532 24557 64986 37804 41194 1770 12367 28661 50068 81289 5974 62280 77444 90486 35203 13287 80611 75797 83072 89659 21161 85912 93980 7583 78 56867 68593 78948 87738 77638 30262 29920 29667 70642 72408 67740 21193 17513 41266 10733 78010 21956 34481 84613 99041 76569 18247 17234 1521 43668 97603 77406 32391 77606 79692 28687 1792 76945 39328 72661 83095 71917 92459 92140 28204 56954 58711 75399 64628 94818 45747 20734 37552 93711 11276 24542 34374 64987 15210 11555 33566 1637 26784 55013 28924 77788 12409 99395 25021 40598 67615 40396 9567 33921 73605 63720 20501 35169 12947 85815 22223 8191 10462 67078 79349 5986 21363 43914 45676 18361 53914 85777 93421 88697 59541 73107 74773 75910 54638 32283 91957 12117 22179 1712 85998 42191 27413 1949 22296 2867 9633 66873 38681 22264 35898 14468 90739 4033 46138 68444 23935 82156 82471 25818 23903 85901 50616 16596 74129 70575 6902 25609 90552 3892 15063 64132 48107 3115 90528 37975 24816 34020 47912 22667 79682 72306 21687 22169 5728 43696 23308 28313 14505 21577 3392 22361 85766 34772 14381 30269 82052 240 60263 76742 42743 60504 80790 6199 9430 82122 78250 82234 84982 34657 86884 13052 56405 16426 37789 89690 94467 51739 13302 50666 29687 65647 24928 23074 10358 97346 27976 97287
969 226
34658 96091 7807 57753 88974 41404 72487 41909 22427 84162 93233 44897 72728 30823 81259 6962 9957 11613 77358 27725 90205 95799 25838 49307 38770 61662 30558 41995 56950 27882 10014 58329 56600 96614 13385 10507 27824 65009 92545 54558 3845 45320 3820 97127 20036 48320 83955 60421 96203 71608 67914 77481 45471 68529 51065 9405 9484 75681 12078 40378 95020 4168 11594 40692 86013 70657 54803 37560 20502 87034 2822 35526 30998 65210 48591 59141 1572 98334 62190 95116 93133 61694 26107 29430 88640 51913 4293 85667 91008 30570 40801 72625 76388 5338 77565 15134 64202 73948 6670 34782 61720 47046 78776 96357 1731 47805 57662 55076 26042 48618 66979 13896 82057 52019 22699 88834 20433 25012 80318 87401 91230 62783 71593 31244 52306 14355 5241 93048 84538 27723 87762 77820 40151 31858 76943 58295 76764 87888 25701 93136 75582 28992 72824 79047 55136 50128 61237 14648 87286 98008 82631 83528 81413 23845 43391 16495 62164 46447 29735 66952 53944 45173 35609 29328 26907 51943 62333 21402 77385 32130 70674 11915 48353 44716 39835 70938 62299 37940 71194 22384 74611 6524 60132 81888 72526 58791 41360 54860 2761 97552 42527 38422 57302 57634 22469 9136 18910 67566 35428 71088 67377 40273 13769 2688 95632 3849 46623 64038 53932 19334 39802 65773 50568 56904 82782 50729 46596 12132 18897 86135 45883 18853 69619 31707 13701 251
959 222
50125 53927 35709 65318 63536 83650 97365 39160 98074 48464 46038 47116 37170 34123 62642 49547 35456 86954 54943 17433 70882 75976 7692 75772 53829 61476 51596 60177 99538 17347 57027 37071 63384 65773 2567 6448 12338 98402 55817 22995 6378 78378 98737 52666 42653 29450 87712 56473 2425 27189 24642 61909 178 63753 6182 84892 5089 54101 74745 38553 95665 48022 44717 40969 15047 83841 29192 36441 48618 1525 50213 4332 82811 14063 94262 3818 82250 7221 57258 20570 95777 59961 52131 96988 87098 54361 83432 368 47263 94923 84881 93466 1750 52520 78021 6673 15966 79067 42589 86699 88958 20015 60981 17885 43827 94619 75834 6285 42600 39851 89975 13309 17495 23063 3442 63318 26743 41814 23009 19128 17513 94695 22322 25967 42684 6062 17622 60256 12683 19481 19522 90860 22190 61306 41621 91402 44110 15785 48742 66183 37134 77254 47502 11522 77791 45510 71609 86231 30288 5339 77043 36531 57156 19572 25407 81678 269 89947 97286 21187 351 69747 88017 27611 54469 78568 96216 28512 89634 21537 50872 80646 95863 8595 26296 28270 70825 20596 64683 46534 86559 31818 15314 51459 22514 66056 76943 38782 40672 92401 15847 32137 58669 45667 95017 82269 72394 5105 40717 16165 71502 56149 47976 46092 50312 64506 2104 96006 36465 42349 47881 17430 67894 70151 63014 60265 31024 28263 30142 2096 25066 70258
952 218
41760 37473 21813 79524 84608 86645 90223 13768 75572 98576 2840 50143 89153 82518 56586 79155 77252 72951 61200 17352 4021 2537 17518 3946 89423 35140 20906 93195 21462 66175 32234 55204 8553 38985 74826 79400 17088 49338 88053 90919 60969 7395 40240 12847 71301 50509 75659 83810 30423 38680 97782 6063 4142 88643 41608 90556 89206 39433 89078 39418 63693 63790 58688 76940 77822 28775 57313 42574 55887 13159 66104 99274 51895 20982 79639 42667 42070 78058 37463 87689 63602 77542 80613 59916 73939 17340 57625 51707 20313 20130 68981 4974 92734 15689 1755 1080 67051 36757 75311 54534 85598 5519 6750 37101 2079 33484 4029 80926 74439 51282 40967 12384 15463 13321 33172 60811 39509 46089 6613 81648 62232 95884 21596 47983 57063 76012 84663 29056 57300 62316 82930 7159 27256 75483 35197 85189 77227 14820 69029 50444 13157 86395 31694 17035 83721 90808 24720 82224 62862 37826 32704 89978 22968 79057 37243 25058 90400 41936 8022 91975 35586 70497 19013 94985 12071 66566 32359 61334 80570 16189 65272 36654 10794 46095 57540 54772 12486 8046 68635 42986 55196 85197 69699 96620 24656 5187 28693 35942 60351 25840 2143 71114 83895 83225 87646 3370 3415 65232 45663 94219 16765 75186 25600 22175 4971 99842 14086 94322 89616 24744 85800 61895 22369 96444 40238 12878 97990 87840
944 214
38960 16670 7943 54469 67366 34430 63784 1744 64775 61886 54302 98208 73188 44175 74982 25675 67112 74332 96895 29405 73026 13590 99219 80713 73955 63690 57287 62697 40677 99823 19113 92266 83514 27449 52486 42921 63624 38142 52932 14339 15068 58113 37533 92805 10942 3136 97510 51714 76053 97306 18439 14039 60183 9018 35975 78347 7414 43400 88517 37313 51809 66046 40594 67242 14887 43646 89908 29730 35640 850 95015 27902 45078 71692 2623 181 12739 22778 82693 32090 1246 93208 11618 24606 98810 95722 88623 54306 87800 72682 24707 8899 46022 71491 34878 84836 74902 42191 99851 24395 83721 90034 97673 50714 86713 44504 70295 7926 15096 62589 25606 74816 87385 28661 33611 56524 12213 70161 8985 60148 95780 71427 77033 90077 80731 15208 79256 9486 63914 50500 20412 91901 67071 73165 69403 18014 10241 65689 56081 24778 55699 88484 9476 8025 90799 55951 31985 47232 66274 50682 17875 63758 50821 91467 57176 18781 76938 34916 46808 51691 2263 40135 77398 54788 48687 69632 74645 62611 85352 13323 18655 83885 12071 1944 14537 90320 7880 4709 62973 63956 98826 87324 24054 70882 19203 84465 72991 17943 88031 64717 20918 1445 21565 47736 42817 52916 37804 12325 78116 45925 11579 29323 31407 90479 20148 98040 17183 67819 28146 14294 50913 57489 83240 81236
936 11
16142 89443 73598 6219 43530 31663 30600 35974 91792 30618 61472
933 206
39647 13488 30867 3626 52740 52347 35983 65324 82442 48662 95062 14133 39726 23997 3188 12904 88984 39778 14189 3859 29920 72724 25680 9190 89811 63382 86910 38595 51235 80008 32783 8125 16194 58636 87820 5984 76280 4327 78177 88742 82716 47240 98467 1884 11253 30696 28062 59343 98384 78059 96248 15319 40635 91562 49826 40650 65582 71683 73403 39864 29057 11514 53501 88867 58779 77018 62335 59202 58978 53810 38157 29926 54373 82372 78946 80295 44825 69144 54531 66581 7703 50475 35395 51917 41759 13256 86705 716 53841 46561 79214 62704 3448 19802 98281 64482 32427 72697 21412 33780 97424 24419 25346 69291 94490 22644 7449 89652 1820 34648 21280 86239 75141 53328 39816 79435 17481 89642 36149 83623 58976 3628 24513 16230 797 1085 47536 31911 55239 13177 93828 59870 79765 51622 61593 63199 68154 46392 3864 47524 16534 6546 44583 55303 62993 42892 59706 93074 32178 70352 18250 56516 66485 10840 57428 56016 96335 55767 50904 66385 21898 46169 39568 37393 72078 50695 368 62058 11789 29729 85813 37159 34072 96214 18786 51839 37009 507 47442 57856 3766 97224 44949 58050 12739 94034 15611 37837 96541 35232 18531 36627 2523 70292 10991 11178 82654 39170 10773 80620 39671 60954 4148 41884 16156 13102
902 202
2787 72499 80950 82396 74577 93458 40398 98786 22011 60053 18252 67495 1052 81028 83215 80932 4223 13072 64912 26869 19008 64880 67003 14128 15930 24317 66577 26638 98417 91008 19432 22514 26115 82930 92058 56506 8341 84809 42932 32012 88083 68072 92529 320 5775 79702 80559 33108 59743 69381 39439 96273 33499 81900 40783 39538 90364 52729 84101 13273 58570 37443 67638 50670 31229 32016 18719 2441 87581 26599 10899 18129 84603 81632 15564 13077 83580 92177 47979 94045 66268 3037 2191 67975 6454 7691 95331 4218 63163 65567 95380 92969 29340 87258 55727 52728 18744 74394 47704 16248 23338 7369 7009 16155 96951 32226 91129 30268 84775 67318 14441 88169 62134 58401 87724 62502 10359 83864 62220 79201 40519 62763 68720 41956 7139 83225 87345 70202 74943 94768 93502 48012 74543 65175 94680 85978 75151 37636 2610 65344 85858 5861 32991 23093 89219 37566 58461 37168 63406 38335 21730 16634 91236 96145 12746 93709 97767 34218 28458 78749 37772 18017 33122 43743 72612 85032 36845 37801 10203 64410 49968 51395 9855 93554 6859 17986 43506 26353 51909 79342 61322 56333 56449 51272 46759 80807 58675 87915 73390 48397 57856 24466 10590 42054 22615 2131 45250 11196 71332 94135 97476 38796
894 198
58830 23139 1339 3717 69557 22308 33221 1610 47734 69447 91462 11667 66592 8961 46339 51228 6639 7642 37480 96004 41630 48953 56075 69494 62686 88298 49544 59141 74560 83940 48940 53831 83345 8645 88059 58151 39793 22178 56746 84697 85939 41329 43555 24378 71815 63564 36679 23449 8313 30384 55331 99638 54520 28218 82868 34424 99039 12933 87460 97198 27074 49780 80793 162 29226 66884 36530 57835 66459 14613 87751 60227 54453 39493 51052 8202 46866 54411 73663 78077 8521 58108 71595 11804 96019 85702 27575 54688 85487 91273 98292 23455 46316 95681 40636 47856 96426 33050 30358 42129 42990 1674 2419 68133 72340 80272 63102 45128 37826 84741 53032 81852 10563 71204 31737 48627 21713 37134 88512 36965 92226 8856 12371 38249 9679 32856 13735 47256 51441 97261 12420 79959 80685 86150 93931 29262 95385 60102 52116 29893 5964 99472 95617 17374 74233 41914 98137 20278 7453 8200 62221 20706 26345 22867 98486 68496 6637 84091 38800 73272 22372 11008 43169 65032 6642 2083 65513 62404 73695 46258 28984 69560 71399 81090 10432 44476 79994 92309 99549 6568 83706 87625 81735 67549 4876 56315 79494 27078 15082 25494 8486 84323 75766 22487 7740 54118 14043 62520
848 194
45682 97488 75492 52971 58149 11036 13526 38947 63250 88640 32004 48417 31239 62077 94645 27825 12130 32195 80410 55999 94230 54309 78297 77766 32436 54809 64703 54251 1771 80659 92958 98137 8532 78331 70024 41438 10274 29811 53491 75422 61244 38317 3323 26296 18353 98549 67735 9231 87683 36531 40396 2320 47387 10988 79300 56000 21848 95036 93981 3406 53377 82271 31501 73835 49925 46002 17716 18670 59561 65546 98469 79782 4238 85968 43799 46737 85004 89585 32646 76467 26516 3238 86871 51924 38273 63450 35674 56147 77807 80924 9959 33268 19014 48692 45192 51314 31272 93158 27286 90090 21692 36406 15518 69747 27509 46415 75413 12419 39404 79809 52949 43717 95336 39466 21232 31052 96792 57440 24110 29978 78705 99771 66781 66905 94341 48332 42249 12197 39232 41406 55376 48178 78597 64954 26428 13672 15029 96781 43955 70094 64421 56060 68768 98519 12323 18451 53556 76481 97852 38624 3454 45850 31680 50339 50225 60564 84944 77151 5316 52516 71523 13270 96727 71104 69187 3174 12407 51873 50770 90874 14795 95081 96616 57643 58719 34141 94098 59506 81449 18538 965 27029 30694 12342 62377 68009 55184 25555 22762 24529 37016 70689 69269 80892
844 190
73427 95317 188 20402 64872 6571 91185 85619 87696 23686 76158 39713 73457 13586 666 29078 79655 2997 25162 36728 45465 24919 14275 19781 58180 86541 19536 45905 61278 72595 51748 47985 80312 38490 88562 5709 50194 15731 91733 14305 74100 26592 1456 88597 37240 81675 87315 17526 94077 99760 15591 73338 54997 81654 53303 3758 61857 14229 8995 77561 48002 9300 60709 94087 37777 14843 33648 78291 32901 98854 66850 18977 80105 17064 51894 70905 69875 3815 28699 86266 20986 45732 64874 50988 36669 33694 2658 92700 67551 56801 71444 16301 88383 75304 34973 19664 70859 74938 72894 94485 27649 46038 35717 77150 76201 61067 73402 82298 59487 11508 73367 17604 38960 51556 4038 34896 45280 89333 70618 48546 69056 30568 87982 51983 54049 63435 13734 76625 43925 71358 444 67972 51103 69713 38449 42434 99971 67374 83037 22042 29507 34186 45532 63690 15096 50113 36408 4507 26508 63454 15090 11444 82975 53820 96752 44198 36234 71654 50854 75296 52175 60122 26780 38718 73696 13388 55489 12614 38190 30389 1780 33683 1000 70758 99909 63778 65662 17477 99768 40157 80719 14598 47238 84071 30710 92848 43890 79400 83439 63971
813 186
35005 70621 86422 68498 7805 35822 5047 83097 81668 69761 69079 46320 22269 44808 55741 99855 56062 61447 34105 32921 68526 30086 36817 44697 63386 61046 11046 8497 66549 62820 72865 40906 35347 86904 72511 63106 81366 37889 17214 59901 8550 59093 67397 35250 27875 46767 43175 20358 2997 88044 48633 8422 38641 7381 33545 18450 69306 45418 39362 30652 15605 46049 92201 18926 98886 39863 98643 29712 78330 11942 64259 33378 85251 33104 79050 70198 16965 34821 94365 20009 72499 67932 63303 85362 67649 99065 29845 90339 47175 85694 82235 87677 28767 9778 33648 21280 13561 81870 69976 93597 17780 1161 92975 85552 564 21950 77583 13758 81148 94101 87078 83518 3029 29096 33261 13440 82255 94939 88275 35879 7392 20816 88315 87914 14068 87953 31079 22299 27826 85314 74471 96583 84682 37189 5644 57932 46869 88648 41189 32511 1344 41056 56974 6299 38763 62121 59792 19719 5295 99126 87940 54144 29464 14122 28251 98504 63184 5780 28597 86747 20152 77378 87283 44713 50108 19891 47443 78542 46316 66544 63908 83381 60559 35023 17860 42703 86269 87798 16548 16280 92030 20729 68983 18419 87039 92870
779 182
49856 20530 49353 56023 20903 14749 22355 96389 87368 14975 5156 29933 59633 37831 61854 51480 96674 23025 27963 19293 94131 22868 87953 73213 4037 44085 41690 67910 8456 39171 20985 11517 87440 4183 61622 35502 21132 32597 45598 94691 44186 85539 406 3835 38162 42330 85600 25229 98502 40006 13933 10844 43468 81872 64439 25355 28277 6371 61046 93298 15203 9092 68305 82577 79184 30395 14498 91929 64787 51347 70714 17727 11024 78300 58058 39945 91690 33384 45164 14245 8079 60375 95195 69610 56701 45910 97304 83880 48964 29303 79168 87700 21901 43279 64087 31122 4062 35654 41566 40894 25521 78159 98445 96277 53485 47982 1535 46183 32475 58668 85844 86622 88778 56413 85346 58330 56584 54293 95649 43969 23957 79549 63909 91620 23688 54332 60140 38442 47656 27817 84988 35433 75586 26421 79758 74930 93695 28273 27634 39263 53127 38507 99550 6147 20860 38026 10745 17609 30861 26478 91902 60792 24610 44167 31902 23977 63434 90747 99441 21993 26999 93654 13626 71080 10702 60680 9384 39401 31960 53161 26736 6687 58026 97121 54326 34148 25839 76639 88335 19307 85265 17000
772 178
35807 6978 14984 40802 35594 86286 74066 70611 11399 44700 67623 92928 65588 74310 73921 70918 87449 75013 5554 32412 65453 60849 54358 89750 96797 74306 36501 3020 62484 61892 37833 20866 93551 72302 42807 78318 85312 70222 57847 39128 50967 30695 26012 91197 1878 62158 77970 18943 91370 19847 9441 47703 46013 97224 98477 71018 22395 59713 88961 32571 68689 75351 16723 54568 16435 14881 44773 7296 7549 53448 28169 1117 83126 6828 8071 61182 36944 54317 7550 61613 86945 4867 66346 64594 97894 9556 68850 22001 71114 71277 23629 34502 16838 66829 37068 92406 83267 74659 23184 55823 77990 67017 59676 8549 19666 91180 43353 47708 15351 4607 78513 92090 4407 65954 77383 27463 20158 92561 9843 95076 43184 62534 81419 93990 25561 87692 70464 2126 50443 68839 17031 84615 99797 83429 57315 28511 17823 59884 9423 4284 42473 11535 76255 62075 3678 68240 80766 98879 1925 81082 99567 15903 25586 72917 16202 28220 70221 76521 31128 75136 81619 87575 23322 31290 32661 83057 30984 21492 82227 42755 85817 44410 15302 77034 95701 8356 39733 63874
717 174
35489 98750 37141 83650 14730 64958 66612 28624 34072 48066 40354 30404 53361 85881 96998 14528 54820 13877 50862 30343 5226 9051 26358 97743 43344 35975 64341 90468 51957 80043 71871 89283 20737 45760 6322 25362 56789 39881 45608 51914 51194 25540 38397 67059 36047 82983 79549 70466 92719 3045 24793 28874 32770 73693 11240 80522 58565 56853 90288 19416 67907 62172 51137 65087 25101 82896 73558 86851 86707 16704 43555 27332 27784 18956 22783 82625 1043 10890 1491 53434 553 97572 62826 33305 88827 91692 52320 20468 25379 60393 63960 3942 1412 67570 78493 71294 44745 7088 84486 4082 43482 20001 37781 11327 36640 96690 77673 23742 46162 99941 30087 97080 89721 14695 58672 65629 94434 57985 44707 50303 23329 88026 86352 9899 82799 7400 94437 46044 39 46687 66252 38918 6073 6429 19589 77522 3775 99113 28129 45881 64453 25747 37315 23415 11859 20008 82200 48560 10542 22852 39506 73581 19902 78775 6819 53489 55697 96678 12571 8838 28504 70119 71817 46148 49248 32202 40582 41038 82393 61511 58287 21233 65406 1102
715 170
68273 69136 37868 33028 61778 46895 92836 88087 63090 65955 29086 19416 77066 69290 8575 33291 27391 47667 32003 53063 94694 27950 29457 10196 57954 45631 35639 35663 16899 17473 68935 13668 52364 61290 93515 72776 4494 94256 99897 35782 47545 63542 36776 51582 1106 49268 31142 29124 4533 57460 26308 75157 77921 25935 76191 78290 19357 69391 84838 61132 14615 94461 33754 73794 61609 55680 29486 11267 81348 75286 30120 99626 52248 54362 11298 40810 76393 8199 38574 32342 10793 99352 41291 773 50202 44958 61577 77412 88931 12905 49651 69280 13056 73789 75657 62125 26478 20242 26229 28003 73145 88671 32786 90728 36473 29268 17113 15226 91149 62129 78495 6817 99615 39506 18606 3295 59220 25215 53761 27450 44997 43016 26945 6760 98014 73167 13470 2066 96313 32407 34600 31782 57185 98305 32497 37775 75946 20035 25912 23747 93486 42951 94788 58540 54570 96628 71053 12644 99074 46539 79838 56411 61153 12505 28136 34442 71671 11997 60627 98903 47138 48646 27650 77078 73924 4468 2138 57768 16734 71871
708 166
92086 54015 17768 54676 52755 46789 7921 71358 84903 30883 89248 45878 75331 44886 45510 70738 44142 27693 7265 41413 32033 98887 21344 13830 62254 68388 62485 23179 96939 65663 16136 47598 72632 46490 71454 35162 24597 81550 14669 27020 68745 50948 93168 15224 51728 30863 57631 42953 59228 23935 44010 31396 65508 9562 16994 434 39348 80054 35918 30357 61061 98886 83688 49715 28380 47880 83717 987 60131 76667 88769 38620 81107 65449 77875 17797 72270 41263 78229 53340 52532 92231 19690 48532 85752 17546 15826 90807 39558 5537 91210 34544 29298 87049 40051 26345 86727 36882 20834 42042 32002 85871 30530 72647 26119 50965 37806 97089 34826 81255 80140 70132 85970 44539 86453 74171 59988 39567 16834 36806 11439 66000 85963 18740 45433 36122 2424 14548 11192 29834 65804 98782 34932 12908 50171 92422 45833 98567 34993 18741 70421 94422 31571 4513 3045 25619 52161 46567 61252 81151 30081 79582 66881 20118 31081 54357 40743 39882 37999 77394 64293 8151 33082 38062 35264 30036
693 162
32545 39419 98717 65206 76591 94133 75524 91752 94293 69566 90395 41211 4146 47424 42772 3 71828 19985 2895 69180 61723 4787 5787 8475 63800 29034 10053 97795 237 44883 31070 50351 14494 85744 89259 32648 14043 86304 83977 92529 15970 27644 76155 21524 42029 52773 2341 86774 17874 72961 99001 54087 82295 60327 89680 36375 30792 58046 33369 39014 80884 78467 98553 77930 77227 31288 72888 58761 19076 2674 87611 5360 83826 92363 63543 2794 48721 15291 41661 62891 22021 16570 2650 35033 42861 89511 25527 93992 67188 74306 56918 76728 44181 23537 448 1246 11189 92811 67337 60517 19382 22659 43615 13538 87953 22712 24911 56867 49138 93705 12401 11180 63838 2482 5248 58416 41265 58080 68938 72858 23668 76331 55158 67027 81962 38934 98906 48479 14731 22224 45693 74403 20757 6518 93822 10224 85915 52137 11211 36720 21749 55596 91232 67100 78385 79856 96585 50718 65942 85163 98041 83289 95108 39953 70029 19835 89817 22073 98012 66184 69485 26917
676 158
27176 40357 63395 67773 13256 44635 89823 8793 11433 1980 23629 35072 96992 24689 4876 84150 19299 46734 95117 2248 11121 50246 70993 70329 10210 81742 7937 54854 49905 65575 85301 24216 28232 63645 44384 40425 44478 40349 88790 96715 89780 26714 51445 38641 92832 54539 64188 38160 21917 54874 67136 97278 71325 98569 51715 29539 6466 93045 91175 49668 31631 55218 22631 5333 78906 79040 87123 16075 32942 46739 37267 21040 34488 60595 26098 36980 4011 94027 17007 9182 45871 11449 7462 73625 10761 16028 84983 73935 58009 25857 21789 38278 69570 76131 33830 18513 11045 38100 28299 74489 69422 56126 49108 90692 93454 78041 89370 14586 77807 94042 16477 39396 83443 10071 12552 25526 95875 39839 56443 69626 68321 32726 623 54359 33907 53271 65884 39682 10357 30264 82976 92284 78999 45525 37595 8249 54714 75079 49667 43172 25570 41021 95220 8071 27028 93939 76506 64882 34460 38807 63593 95781 613 52634 56265 49710 37962 5202
665 154
53071 97202 4976 86785 69211 24505 1531 59584 63725 29678 25296 5034 91697 90128 23043 16847 23544 74340 39284 11464 65650 11346 90233 18095 90570 6256 6305 48198 47048 56306 21175 71429 10943 20246 21394 34675 33719 48913 33269 40637 49426 21961 94611 74480 7141 53106 41671 25213 15288 80711 86259 78422 79785 90751 36728 2799 22340 52813 14934 59677 23956 89039 81427 51067 78771 3494 20661 14466 40747 95458 80906 24557 41840 67573 73815 89127 33079 23958 84387 3860 41346 67886 36625 35602 20568 67579 36336 11887 10158 75818 59853 11476 9764 74051 73925 35523 27654 12139 34778 28614 12486 17147 91913 86399 6165 46312 50902 68919 67340 14220 19112 41182 35100 26775 78128 95171 53435 48725 80658 14311 3662 74845 5262 85684 52915 17660 55468 53849 40249 87564 90825 66290 89558 41250 48998 81234 67175 38090 32830 80927 96532 46818 47647 34687 83236 25392 89351 87032 44027 12775 92661 42115 45594 41012
653 150
43454 75177 7271 81853 36724 33458 7151 35823 41362 20611 22912 81700 6730 59591 25633 69162 96280 3163 56714 64340 54168 17531 8634 41281 15204 82710 41467 47100 41880 99382 68208 61756 67080 50611 80425 6025 8552 68364 97312 66029 15914 84131 25664 7640 26497 21243 31992 46846 17593 23952 92687 29430 36978 44713 62811 8076 44563 64827 57519 50675 95142 12887 99188 15264 63470 22360 89871 96732 42625 6134 49074 57175 9454 75656 63607 35770 28186 3722 25120 44774 57374 84909 37598 59202 53312 54851 83450 92832 14041 85134 9674 99048 59353 4545 85804 59978 3231 30665 18224 30640 65542 36998 86000 32528 16856 40175 47126 80981 55038 17764 80760 33314 13818 67593 36759 61018 65051 87767 8702 32212 42035 65346 42367 74978 18695 30249 97602 9111 34717 68914 2168 46977 53011 5413 80038 10789 53006 60640 47235 45304 49613 67762 21367 14059 979 36587 66214 52121 85850 74499
650 146
79879 30188 2776 95551 62919 37483 13659 92437 40189 89575 29546 27440 51261 42342 78285 2691 81746 84350 49030 56660 74036 23606 66225 28835 87783 46534 71054 94883 85962 24367 98928 77491 65473 11843 39597 59076 89341 92499 52802 65958 20631 84665 79916 25669 23833 29803 71454 23077 52465 36783 37473 74409 13677 47837 16622 13594 59082 55615 75284 14908 32079 56528 54628 49498 92613 79186 90836 25785 89845 4545 37788 32372 67805 31795 87963 14553 45171 45237 95608 15280 46812 81173 64395 70770 28630 62905 21480 71609 44231 20888 43207 45196 21089 66341 79944 18352 89493 16221 62946 63749 90816 28554 80913 31932 82155 80936 97274 24753 60806 83756 55460 51656 46565 14089 87520 21250 68431 73717 46874 27041 69294 47811 40416 11395 34443 57227 13309 11110 18207 57543 32445 68178 8980 66227 7415 18603 65204 50021 67361 84170 44300 87927 30398 57959 56765 13111
607 142
83676 76013 58131 92928 31419 12560 31266 208 98310 92853 70762 22443 38597 96097 36514 3649 43579 82817 7443 18414 79286 71654 24219 16061 70076 55413 84272 82371 70619 34929 15475 53180 34913 89888 35569 85230 60960 11465 31311 49207 41442 13925 46897 32635 28848 95089 40053 50031 87544 55016 25639 38149 32464 77292 45118 33399 57156 92195 65229 98248 91560 46263 29804 47053 51975 47490 60840 6262 23742 92602 93159 64842 12654 29230 57817 19069 50200 40920 20243 70414 23522 15153 64467 28157 50790 82324 48613 14326 5175 15125 69196 38980 20964 7222 17402 76477 2551 79034 1576 80980 91356 2859 84775 55068 79797 87770 47863 70653 61176 2728 20612 43816 30260 35429 12239 23464 56268 89949 53332 86520 22792 90903 18294 42312 8075 12956 34997 89000 96488 30567 5895 95456 50914 76091 7515 71088 64565 92049 55999 69948 91732 45701
602 138
18890 27453 24306 68946 76968 61781 87162 90724 57416 48377 75333 10055 19216 90471 12549 73950 9904 11174 1815 45658 11490 9680 16514 57686 1975 90712 39709 85206 65899 87114 90006 95532 90433 15550 86078 9248 64892 55241 28650 32927 55763 72778 96765 13510 41635 75594 97078 97788 19337 22715 43565 75036 77060 31004 43277 48783 84557 28339 23113 40914 38155 68216 27957 25788 31006 80716 70323 77513 79826 73459 57059 98299 81071 92634 22996 79918 65280 78406 75199 64494 9979 79004 46863 86331 76941 88059 51755 21088 51658 89170 75429 65946 57866 49738 62530 52458 45509 13304 70956 57475 65637 48408 86922 65747 40487 59580 2846 53171 71685 457 20301 42698 2111 32907 38264 25485 98205 99464 47159 20347 38477 17762 33519 11091 23417 26929 58447 60116 13754 35484 80926 41121 39059 25305 28966 59356 70857 33791
589 134
64380 86756 83216 94027 97372 80118 57667 48928 10561 26432 27504 56973 55512 87817 26858 4745 34555 12187 30349 45791 71441 9004 25650 85855 59396 11319 6892 75264 69578 6434 59462 6538 56682 89393 85554 15795 26575 73123 14270 34119 19219 5096 9934 86664 64602 122 43914 19097 69490 25273 58812 89292 1713 51955 22986 91130 80585 34344 87732 70614 42491 97254 20362 74794 70215 98320 16394 17210 19501 4698 37701 27896 55522 10096 42150 87414 95374 14108 5394 5228 88994 29578 41329 44630 71584 39478 14602 54453 46678 10290 24836 29856 18364 23972 57454 38491 59406 57632 36834 66048 95602 70168 24202 88805 39716 99804 6292 41815 872 27235 89384 98009 26355 1387 65843 53690 45364 88621 78930 4491 26708 42854 86215 80367 70208 33557 3372 7638 89791 39151 55646 96648 8365 31890
575 130
30646 31495 65054 43505 84913 14295 98093 43913 65291 63340 43291 50537 83337 71601 62078 48301 75468 12157 71258 94372 57871 7465 88666 25047 73270 22252 17484 44777 16106 4584 13676 27026 25864 57817 90482 25109 29379 70473 3956 9323 95322 50132 95366 17971 76581 48235 11996 55790 8099 2471 16296 59255 28321 29649 85126 63879 46607 64161 98861 99756 39315 98739 89948 57410 39312 18478 34320 58926 74058 23600 53653 69558 26940 11203 20664 69868 81777 2503 63395 75100 52933 39835 35845 16033 35723 99801 88365 34680 14757 43879 26451 27164 79759 13622 91524 81552 50396 70310 41717 95564 82384 54360 48630 3147 94279 97806 43311 70440 33359 47589 9486 54321 11151 85506 47757 33535 54422 73524 88103 52073 20330 92510 51534 4845 33249 25358 23552 45993 27483 37464
569 126
60791 76678 9504 49600 8269 57757 31525 46385 86179 94345 41726 23758 6959 14259 44991 48750 9094 91410 84093 4636 60237 83969 59804 11013 18108 92021 5489 20099 17 7507 10966 29453 30916 92415 83213 15829 39669 25187 70342 93632 48216 95517 16211 7483 17710 3616 10830 31805 1672 59331 5535 39089 27039 16826 82977 98824 4973 28459 35812 20575 52527 77274 50985 40889 31941 72330 2548 31087 35859 32990 16923 63262 67179 41713 87278 67471 5830 5691 22330 81065 61188 63589 82819 70244 99527 39483 61411 62196 45502 32532 23342 8237 89501 34282 56682 16689 67949 14873 75480 15724 81885 8448 20977 46424 80788 26994 20719 38809 15677 3381 52549 92574 9947 65261 41926 30414 4841 94123 59945 39697 3057 89416 81955 68658 88699 83075
566 122
37223 12567 13588 71595 78842 38833 53685 89461 26796 82565 62935 62033 86022 83077 75134 53337 55272 30456 61947 67466 70821 44570 52544 54256 30784 25196 70501 34484 24002 89825 93751 912 38343 81209 43804 57183 44497 45995 13716 91343 59066 16165 76704 73131 34835 52841 24154 80431 39586 78644 42859 48137 64974 19485 31570 48112 51660 49591 71764 81981 37463 80289 45383 93532 75673 99039 12161 55025 70079 50364 75113 8829 14046 17664 94733 28807 64084 12082 85408 8392 10914 11568 62017 41416 80697 45976 97495 83262 70364 58455 83308 34962 97940 23224 5854 34779 14459 43760 12157 27138 84832 13037 33170 32918 74626 17678 49086 25775 49209 67835 68975 67933 55965 41275 46658 65566 58922 79809 41392 63239 79347 60690
536 118
77853 74619 90852 61489 82938 63350 63165 1064 3525 6169 33733 67511 49967 43634 6619 78617 50002 26922 7760 45581 48390 73778 28395 12962 6634 8010 7088 94394 41766 86033 5828 86953 70346 76404 1356 69221 53028 81558 86158 73283 37565 6674 82502 11225 66031 36847 41417 1541 22075 77977 93297 97946 55700 4912 32113 3332 67035 78447 39562 78797 19075 4470 64969 40476 87187 32596 8439 19840 43221 45263 63776 61789 27726 51707 31327 8580 26845 2892 45701 69444 35698 25722 54547 3102 33977 16007 18003 1440 64242 63549 23693 98123 94478 76839 10015 76198 71312 47979 40703 74630 29017 54340 16550 71725 54631 34253 73850 51679 88585 77417 50571 18536 20706 95808 5500 91593 75702 68814
522 114
68638 71691 79791 85710 92779 90682 47896 69833 87004 78400 28654 56694 27834 71137 36285 48090 68155 56136 9440 18614 93931 74162 6133 44463 93600 34546 50199 30872 62907 70876 87559 82643 36107 3902 6163 52360 25274 57340 15652 75026 30769 31986 13359 12832 80720 36133 80801 2842 16947 39229 63231 20397 34749 18892 59938 47197 20248 61706 72384 99794 91564 85239 10250 6130 10891 29670 4931 92817 73873 49589 9753 76041 24347 29876 10640 47998 68461 18620 4092 55236 74777 76550 3286 39738 20709 26836 912 84469 40146 64578 22491 28572 11647 95732 46779 33092 60190 56096 56360 33715 597 80205 38116 24914 72619 50747 87960 54910 67781 35991 88687 45137 36610 76362
506 110
69472 21610 50508 29236 60550 66371 31759 76442 25829 36148 97290 78629 27577 46812 15427 94173 17371 57733 31514 47978 79440 14927 24648 35165 69758 47938 12211 96250 94286 73183 6249 87362 16062 61338 45371 96275 85757 71437 39614 9191 5089 76366 91175 42970 50262 27303 7915 66360 41570 4721 65775 84092 72960 78208 44850 83139 60403 53963 3120 15334 667 83588 8582 29796 12700 60196 88245 61515 41209 24381 74600 95668 25294 56876 98287 18345 52798 97486 6255 82806 69600 8044 66183 62988 12210 14896 6662 71997 32300 57407 70886 34204 23103 80383 19156 70485 34375 65484 43336 86708 72158 61804 11794 72403 38357 56955 8236 58146 3832 49757
472 106
43308 80158 44710 99659 15917 91672 77113 81835 45015 18119 30310 13621 16161 74235 9890 32771 33441 88146 8328 95571 18738 93899 48019 81123 60046 48956 33836 83502 4884 29284 15048 2709 77499 41419 12536 4092 7251 38930 55182 71975 71359 63058 82034 38309 23032 89489 4455 31907 15997 97276 41619 47576 26428 96055 54673 81386 64548 45190 62344 39955 47418 44094 15152 71379 98146 59500 42855 50205 92480 81345 30140 44360 62079 76615 3201 56854 73001 89242 66954 27006 63789 24698 21064 14741 24379 29602 97378 61231 23604 93234 78042 7937 38442 81187 73071 27521 52165 6043 77871 32894 13273 38640 56184 61574 76535 12468
466 102
38903 25366 43398 69212 4409 39608 53269 33626 50404 55000 64709 91385 30906 6012 73476 50459 15786 97844 72951 4349 39094 24503 24132 37203 92869 76540 55427 26411 49163 40039 13755 17673 33339 1552 59723 37226 82722 72653 66118 98477 97777 86972 34354 74064 90887 68740 72760 26054 73883 76880 65669 35376 95764 67167 68360 26234 83620 35743 18602 67672 64330 43972 43825 3166 27075 75806 98633 95850 48091 18932 93894 97793 9812 68368 97303 98806 97419 29260 76404 72356 88114 58637 37797 19858 58982 24246 40513 14938 20523 50061 64088 56443 44155 69193 33688 83291 59443 93855 36886 18801 73848 87809
447 98
10297 60965 43909 33054 38243 36158 52296 94195 25786 46242 28820 74407 38807 75930 16932 51691 21999 60682 50080 32239 85453 40311 94772 59368 18723 25427 7499 87517 90871 45638 9124 96025 29272 37830 95062 84950 65283 11569 73970 13261 49864 11401 19020 52602 57783 26134 81335 53105 92220 23594 85825 15702 72424 1311 66916 36864 24128 67513 60341 18580 78089 8053 72588 4428 33625 29411 53699 13435 43469 41908 91334 46010 60461 30137 44479 47434 84120 70730 31627 35918 15450 76579 97012 86364 23209 95323 64839 67852 65115 81102 39186 29887 47503 50074 58717 15112 43267 51848
443 94
91127 81473 20559 27015 43821 80555 27050 35561 866 66254 32916 77671 646 31006 85814 30051 71715 32543 4880 47405 39586 31316 90357 53673 10554 765 70423 53243 13188 50556 51471 3606 47713 79048 65616 31653 8785 1287 36705 74575 88866 16878 85745 58598 82837 8796 72842 91336 71133 18945 75268 46316 71318 16545 70804 96086 17532 79264 82114 71046 10249 53213 78038 24927 40363 33350 56009 47525 76950 11732 79519 64545 23204 31654 76470 31584 15090 87282 91080 70453 1198 88000 81024 68636 86029 53235 39803 43566 3240 47805 52459 41232 33647 91482
428 90
12796 8757 17766 7341 77357 29421 63304 72382 64031 32213 37862 66563 37182 67465 65973 74136 71483 57669 62467 39564 37835 87206 77419 43906 69455 73459 82376 41857 86125 46403 16277 96913 15663 18401 41876 54643 21879 2835 69397 18092 90234 30564 64359 39712 12313 25605 31376 65377 34906 51717 78578 49350 5459 42192 75094 37229 75679 90395 98304 61527 39743 66456 68211 93499 818 94375 8765 94480 30215 96714 5337 69829 21153 91996 67432 40728 78023 52526 79596 69152 37402 93122 61428 51202 61050 57516 7831 91490 73229 44119
393 86
29254 37981 19126 81193 78022 89796 74116 78665 30587 99553 60369 77018 82923 2551 57023 24479 73411 95623 58788 33670 8174 23963 9986 78399 77832 53014 4133 57883 66048 97372 29206 88782 57510 22720 36687 77807 34284 13875 81700 55670 69314 97872 92875 61850 62714 84046 47369 92532 55127 1434 5264 27807 59695 25071 82 42277 82106 5212 95832 26823 52081 1890 13608 57972 23997 46420 10428 63867 5614 32264 24148 52234 91166 70613 94558 66783 97135 56791 96408 83010 61355 25416 84853 4007 66822 3869
390 82
6253 37664 42744 85574 68417 68625 28134 65262 41014 14117 55948 13891 9931 8291 9547 86545 58476 97141 47786 76438 63537 48360 4523 22252 44258 62579 91091 42760 14561 39888 55300 96680 3789 9109 16558 97242 57265 5691 86344 11947 22174 66492 67071 85101 54713 1586 5919 59061 17318 2349 86256 54681 83731 12462 79691 19510 87428 24893 33061 41501 57239 57276 50319 85377 7611 94233 77536 11734 93234 50254 35882 25088 47898 83105 70692 8243 72994 12051 90995 34349 99930 60803
388 78
29655 94086 48415 85862 21260 3410 38755 68297 76479 95111 82308 48976 66801 44257 3057 45807 59402 94279 60317 38341 20080 91344 45604 49290 51126 81840 33624 49704 22204 36822 26517 10139 2986 48527 51364 21680 35901 4951 35758 65834 75274 42326 93179 21869 41931 21060 15590 31107 55202 8727 24199 88705 2252 44619 42703 41164 13000 62365 63183 7426 91141 37590 40030 9414 63664 86879 91876 83806 35881 65552 84480 15906 61884 82355 69939 41018 93525 33373
332 74
88468 24360 35021 48973 28574 71191 77534 66448 62457 48401 21089 5526 16728 62033 37187 17193 52830 40702 7891 17885 83363 15741 21778 211 29301 52982 69561 57322 89290 23170 68007 80024 51117 68799 77116 71646 71492 15869 43795 94685 76924 16423 22443 8874 80930 13503 90258 26489 97781 35473 54355 56522 52583 31542 55456 70580 96777 63409 93117 12165 78922 5233 6371 37060 77638 67038 96040 52625 29988 83800 62760 8838 81447 15925
323 70
99765 83364 39569 86560 22191 66247 86090 33994 59526 5778 19562 99786 46625 59922 3833 75477 64007 97603 16884 90458 52027 92056 49647 32549 8883 23384 70485 67239 89716 13423 67430 46040 43633 68496 49022 27299 95759 69761 61799 83188 206 53963 92147 54883 12292 69294 53175 66542 60787 29926 40155 47862 70291 73516 65447 80419 6000 41379 3860 49188 25116 19232 1846 26123 61989 31619 85221 52612 7074 14348
316 66
38150 19578 6539 11938 52935 16497 54607 37184 87682 18096 2137 99688 29640 70737 81348 26310 47075 4066 96259 66072 91004 93231 50413 38603 52317 93756 73265 48626 75078 76573 54001 73761 88947 27335 40782 83034 24752 86685 71260 37133 13219 56026 59112 38922 84200 94703 94497 50445 96728 65990 55874 72445 41902 5903 68092 79996 11376 12078 17371 52354 13679 58413 51259 36348 51018 40476
304 62
72436 48066 59720 20249 20491 42177 6748 70703 5386 18472 76797 68495 41400 8273 968 60623 34695 33752 34975 67961 49368 77492 92004 43595 40299 23862 17172 5290 20150 62490 48010 23773 29974 91641 46624 25283 24272 44522 17421 44831 33736 43345 85239 79017 45217 69740 85945 68033 70825 26919 29617 20563 25717 73009 54683 49479 6990 33455 42214 50885 91690 51986
245 58
60306 93485 89445 75984 77647 83799 85921 78626 7134 71891 41259 31451 42082 92394 74277 47693 23908 15812 85961 26716 93501 43622 71018 43183 1607 92634 6675 70042 18426 22945 93660 31152 79572 33366 47220 16085 85229 46750 48385 14639 86134 96316 57004 90582 19909 72923 65755 41827 95490 62275 66676 59986 75320 66766 15009 71536 91206 203
244 54
41753 24267 15833 57291 9050 54770 36583 49644 70720 17567 62864 21220 79199 14288 68195 72792 52492 33025 60160 71460 77437 34538 55234 43022 11473 59070 92358 66792 2701 53464 85855 51756 76558 5621 27608 34763 35643 23147 74225 39943 63494 80560 62767 67340 81561 16407 69958 71322 13513 86229 7876 99924 9016 27939
242 50
30451 90722 34971 48759 98441 66289 93438 55372 37570 36182 14799 55172 94725 65278 15998 20191 33153 90364 17933 27691 56439 71910 16393 15076 49056 96781 30964 11812 34924 92149 61062 79359 86359 64947 15635 65383 35599 51691 41876 14607 84292 49756 69834 38221 94705 84195 6003 38924 36417 88412
239 46
48847 95309 58071 33161 84383 99063 83758 5954 12848 86773 86732 6799 43821 7345 46677 72894 60867 738 30844 29312 11904 37297 25349 96466 92632 43596 22865 21627 11171 40411 95730 12743 63400 35976 46835 34319 90457 6923 24872 93952 46359 30252 93544 68765 14201 30449
233 42
89884 63762 15738 83721 61684 48463 94158 62034 95929 18159 12612 10642 38056 88769 44501 18886 47390 24361 84936 26943 28283 54594 76529 34989 49723 71385 82027 23855 73002 60486 88461 95770 77384 56514 29566 84370 26491 52542 72359 69606 48126 6552
202 38
80647 8887 79783 47813 21088 85648 37429 5922 37272 92210 38706 13591 24816 20207 82705 14770 20295 24837 39499 92699 82484 94808 71119 22889 43387 36825 54672 31837 8459 18722 78222 39869 54156 64825 88631 2115 5627 77488
184 34
80508 88286 51879 37017 1215 97355 21631 82678 30946 8392 81631 17115 41939 7440 15966 10413 66588 62950 94499 48347 39912 71760 66902 63440 66977 65861 79310 77516 32042 51569 86064 90031 17680 97295
158 30
14894 21733 25995 65922 49311 51621 33982 97286 79433 48303 5009 74014 23385 70504 21147 11332 563 55580 53783 8534 25022 72026 35882 53141 3968 36845 94526 84368 38318 8975
157 26
63786 48422 32286 67784 61612 76728 94779 63991 87875 87312 53968 35971 65108 14350 56005 13242 62650 82369 97833 59117 94110 79381 99578 33693 44165 23953
151 22
91127 94791 85084 29044 55047 59133 73117 21629 67825 31634 35915 82710 42289 66577 93278 96155 57864 31445 12831 53402 11511 24814
140 18
6205 54360 61948 48442 69625 12497 51990 89114 86371 64297 77514 73562 36656 83279 83080 17689 27803 79103
112 14
87407 83583 44061 55368 97397 42557 93885 39901 7095 89519 67326 20098 94877 43910
100 10
34569 5711 58610 37323 63530 6443 93333 23030 88117 56129
87 6
1732 40830 88112 99880 12708 98286
82 2
52122 35251
